45  45  1  63

                                                                                          
                                              30 60 60 60 30                                   
                                                29 88 91 64 92 90 30                             
                                                  30 90 90 30   30 90 90 30                       
                                                    30 90 91 32 1  4  2  30 90 90 30                 
                                                      30 90 90 30           30 90 90 30           
                                                        30 90 90 30               30 90 90 30     
                                              30 90 120 120 120 120 120 120 90 30                   30 90 120 
120 120 120 120 120 90 30                                     30 90 120 120 120 120 120 90 30                       
30 90 120 120 120 120 120 90 30                                                                         
                                                                                          
                                                                                          
                                                                                          
                                                                                          
                                                                        30 60 30             
                                      30 60 30                               30 90 90 30         
                                          30 90 90 30                           30 90 90 30       
                                                30 90 90 30                       30 90 90 30     
                                                      30 90 90 30                   30 90 90 30   
                                                            30 90 90 30               30 90 90 30 
                                                                  30 90 90 30           30 90 90 
30                                                                       30 90 90 30       30 90 
90 30                                                                           30 90 90 30     
120 90 30                                                                               30 90 120 
                                                                                          
        120 90 30                                                                             
  30 90 120     30 90 90 30                                                                       
    30 90 90 30       30 90 90 30                                                                 
      30 90 90 30           30 90 90 30                                                           
        30 90 90 30               30 90 90 30                                                     
          30 90 90 30                   30 90 90 30                                               
            30 90 90 30                       30 90 90 30                                         
              30 90 90 30                           30 90 90 30                                   
                30 90 90 30                               30 60 30                               
                    30 60 30                                                                 
                                                                                          
                                                                                          
                                                                                          
                                                                                          
                                                                                30 90 120 120 120 
120 120 90 30                       30 90 120 120 120 120 120 90 30                                     30 90 120 
120 120 120 120 120 90 30                   30 90 120 120 120 120 120 120 90 30                                       
            30 90 90 30               30 90 90 30                                                 
                  30 90 90 30           30 90 90 30                                               
                        30 90 90 30       30 90 90 30                                             
